
TRUE
0 0 8 7 0 6 2 0 0
0 0 7 0 1 0 3 0 0
0 0 0 4 0 0 0 0 0
3 0 0 0 0 0 6 0 9 
0 6 0 0 7 0 0 5 0
1 0 5 0 0 0 0 0 2
0 0 0 0 0 7 0 0 0
0 0 1 0 6 0 8 0 0
0 0 4 2 0 5 7 0 0


TRUE
9 3 8 7 5 6 2 4 1 
2 4 7 8 1 9 3 6 5 
5 1 6 4 2 3 9 8 7 
3 8 2 5 4 1 6 7 9 
4 6 9 3 7 2 1 5 8 
1 7 5 6 9 8 4 3 2 
6 2 3 1 8 7 5 9 4 
7 5 1 9 6 4 8 2 3 
8 9 4 2 3 5 7 1 6  


False
2 4 7 8 1 9 3 6 5  
2 4 7 8 1 9 3 6 5 
5 1 6 4 2 3 9 8 7 
3 8 2 5 4 1 6 7 9 
4 6 9 3 7 2 1 5 8 
1 7 5 6 9 8 4 3 2 
6 2 3 1 8 7 5 9 4 
7 5 1 9 6 4 8 2 3 
8 9 4 2 3 5 7 1 6
